camera_matrix:
- - 1760.182006011717
  - 0.0
  - 523.1387121003122
- - 0.0
  - 1760.7012104750368
  - 944.4367580351982
- - 0.0
  - 0.0
  - 1.0
distortion_coefficients:
- - 0.21093680641970733
  - -1.064586819431623
  - -0.006514989363189399
  - -0.0003368005386952717
  - 2.0333713997908434
shape:
- 1920
- 1080
- 3
